100 10000 50
7566 8760 11
8509 4814 29
6637 2072 17
2481 5989 47
8487 8181 44
3735 4498 40
5528 6981 44
8164 9685 42
9090 8003 19
1460 8953 4
5815 2305 3
560 2577 3
934 274 11
54 5280 30
3838 888 25
2418 6321 43
1473 6911 36
3121 5709 46
9891 4361 20
2285 7785 29
6185 750 11
5134 2351 13
9472 8594 10
5060 2339 21
4858 7425 12
1024 712 28
5232 4501 32
8637 6764 28
7873 1245 21
1104 8743 32
8075 9031 37
9728 4816 14
5735 4688 5
141 4268 23
1579 8892 28
2142 6927 2
8182 2469 14
9074 6833 30
9449 1323 21
2594 4094 34
5601 9781 5
2426 1239 8
1887 9542 4
5781 3701 22
6540 9918 29
7496 8885 8
740 1171 41
8030 8586 41
1146 1915 41
9801 8664 16
3414 3907 8
1289 9069 36
7662 8988 12
6220 5906 10
3010 8278 8
548 575 28
5802 3934 25
3768 881 33
8891 6896 29
8324 1416 28
2529 3856 50
864 217 28
4280 3763 17
5741 9029 22
7443 577 30
6941 8685 11
1552 8433 4
9600 2592 13
2058 4887 3
5191 9006 45
3300 546 11
9332 9193 29
9357 5265 13
9064 219 30
3029 913 40
9403 3238 5
2149 4636 18
601 3639 8
3875 4017 36
5973 6099 18
6475 5574 49
9971 8928 32
8574 5400 15
9866 7498 35
4706 9961 37
3812 5781 1
6175 3333 44
4803 7107 40
1040 5184 26
3133 4588 27
1649 1801 26
2299 5049 10
3331 980 15
9362 3967 30
8992 3854 15
9061 8055 3
9054 698 23
8529 6757 35
8539 8358 3
8342 3056 42
