300 298 1000
1 2 1000
2 3 800
3 4 800
4 5 100
5 6 400
6 7 300
7 8 900
8 9 600
9 10 600
10 11 200
11 12 500
12 13 800
13 14 700
14 15 100
15 16 900
16 17 900
17 18 500
18 19 300
19 20 200
20 21 800
21 22 800
22 23 600
23 24 400
24 25 800
25 26 100
26 27 200
27 28 200
28 29 1000
29 30 800
30 31 500
31 32 600
32 33 900
33 34 900
34 35 200
35 36 100
36 37 600
37 38 700
38 39 300
39 40 400
40 41 800
41 42 600
42 43 900
43 44 1000
44 45 300
45 46 600
46 47 1000
47 48 800
48 49 600
49 50 100
50 51 300
51 52 800
52 53 700
53 54 800
54 55 500
55 56 500
56 57 900
57 58 1000
58 59 500
59 60 100
60 61 600
61 62 700
62 63 900
63 64 200
64 65 100
65 66 500
66 67 1000
67 68 700
68 69 900
69 70 800
70 71 900
71 72 100
72 73 200
73 74 200
74 75 300
75 76 700
76 77 400
77 78 600
78 79 500
79 80 200
80 81 800
81 82 700
82 83 800
83 84 500
84 85 1000
85 86 700
86 87 400
87 88 600
88 89 200
89 90 800
90 91 700
91 92 400
92 93 600
93 94 800
94 95 200
95 96 100
96 97 100
97 98 600
98 99 400
99 100 900
100 101 600
101 102 400
102 103 100
103 104 400
104 105 700
105 106 600
106 107 300
107 108 600
108 109 700
109 110 300
110 111 600
111 112 100
112 113 900
113 114 500
114 115 600
115 116 200
116 117 800
117 118 800
118 119 700
119 120 100
120 121 600
121 122 100
122 123 600
123 124 500
124 125 500
125 126 900
126 127 700
127 128 900
128 129 100
129 130 300
130 131 400
131 132 800
132 133 800
133 134 900
134 135 900
135 136 900
136 137 900
137 138 1000
138 139 900
139 140 200
140 141 900
141 142 300
142 143 900
143 144 400
144 145 800
145 146 100
146 147 500
147 148 900
148 149 600
149 150 100
150 151 900
151 152 700
152 153 500
153 154 600
154 155 700
155 156 400
156 157 100
157 158 700
158 159 200
159 160 600
160 161 400
161 162 900
162 163 400
163 164 400
164 165 1000
165 166 300
166 167 100
167 168 500
168 169 400
169 170 200
170 171 400
171 172 700
172 173 200
173 174 300
174 175 100
175 176 100
176 177 200
177 178 800
178 179 500
179 180 800
180 181 400
181 182 100
182 183 900
183 184 600
184 185 800
185 186 100
186 187 400
187 188 400
188 189 100
189 190 100
190 191 100
191 192 100
192 193 400
193 194 100
194 195 100
195 196 600
196 197 500
197 198 700
198 199 500
199 200 100
200 201 200
201 202 300
202 203 600
203 204 600
204 205 900
205 206 1000
206 207 200
207 208 500
208 209 400
209 210 500
210 211 600
211 212 700
212 213 900
213 214 1000
214 215 1000
215 216 700
216 217 700
217 218 600
218 219 900
219 220 900
220 221 700
221 222 1000
222 223 400
223 224 1000
224 225 100
225 226 200
226 227 900
227 228 300
228 229 200
229 230 800
230 231 400
231 232 600
232 233 700
233 234 300
234 235 700
235 236 1000
236 237 100
237 238 500
238 239 600
239 240 400
240 241 500
241 242 900
242 243 200
243 244 400
244 245 1000
245 246 700
246 247 100
247 248 200
248 249 900
249 250 600
250 251 500
251 252 500
252 253 900
253 254 300
254 255 300
255 256 800
256 257 200
257 258 100
258 259 500
259 260 600
260 261 100
261 262 1000
262 263 200
263 264 700
264 265 300
265 266 400
266 267 100
267 268 1000
268 269 500
269 270 500
270 271 700
271 272 700
272 273 200
273 274 600
274 275 500
275 276 300
276 277 600
277 278 300
278 279 500
279 280 800
280 281 500
281 282 800
282 283 400
283 284 600
284 285 800
285 286 100
286 287 600
287 288 100
288 289 900
289 290 400
290 291 800
291 292 600
292 293 1000
293 294 1000
294 295 900
295 296 400
296 297 300
297 298 800
298 299 600
30
147 283
36 185
70 74
220 67
278 188
248 124
244 8
264 118
221 86
137 148
8 98
95 191
261 195
255 55
102 101
197 147
154 15
127 97
90 106
156 206
70 284
104 37
31 249
46 23
275 90
71 221
224 68
18 109
231 180
68 183
